function xm = funu_zuochu(  )%#codegen
%FUNCPINV Summary of this function goes here
%   Detailed explanation goes here
Hj=[0.0126241066654390,10.2997880157720,-0.138459863375094,1.04405749153127,1.72764829639395,-0.685068584381291,-0.00819930697414000,-0.0182191232757420,-0.000836413058706000;0,-0.000255532897717000,-0.0191188094960310,0.340730496396017,2.05473702281759,0.203408398381888,-0.0126464597097860,0.00568397082512700,0.00522687979799600;-0.00847840374905900,-0.00250096460770400,0.640069841185349,-0.423462813560605,-0.832732110664852,-0.169835402556852,0.0116405922262330,-0.00476549686061400,-0.00472118321404600;0.0126241066654390,0.576830580792696,-0.787053877805143,1.60910783664518,-1.65379407782794,-0.349500552910165,-0.000793428613120000,-0.00935650214175400,-0.00991847251945800;-0.00847840374905900,-0.00615694038344300,0.00346632721234500,1.52720514903964,0.330476231922734,-0.0145379852062550,-1.05913079250000e-05,-0.000389605159640000,-0.000463784569487000;1.00000000000000e-13,-0.204837363556828,-0.687956689706998,-2.15044481005108,-2.25373109456210,0.296863794701024,0.00786218603965100,0.00781656596015300,-0.00800002869382500;-0.000180229988480000,0.102997880154201,-0.138459863375094,1.04405749153127,1.72764829639395,-0.685068584381291,-0.00819930697414000,-0.0182191232757420,-0.000836413058706000;-0.0222533048518890,-0.000255532897717000,-0.0191188094960310,0.340730496396017,2.05473702281759,0.203408398381888,-0.0126464597097860,0.00568397082512700,0.00522687979799600;0.0126241066654390,-0.00250096460770400,0.640069841185349,-0.423462813560605,-0.832732110664852,-0.169835402556852,0.0116405922262330,-0.00476549686061400,-0.00472118321404600;-0.00847840374905900,0.440555516053874,-0.602920346630641,1.32080069576222,-2.34038534562772,-0.294747960676447,0.00241155257312700,-0.00794677158960500,-0.00792779155995300;1.00000000000000e-13,0.00266900334497500,-0.0556420826572830,1.12244792259891,0.656248285556745,-0.0195101487619680,-0.00141340290983400,-0.000497395754738000,0.00187450472157200;0.00638928951696200,-0.105681120975826,0.109160921249486,-1.70398545316354,-1.67761958335780,0.291420138077107,0.00633672084525200,0.00769836526490100,-0.00546350459026300;-0.0106501167579950,0.102997880154201,-0.138459863375094,1.04405749153127,1.72764829639395,-0.685068584381291,-0.00819930697414000,-0.0182191232757420,-0.000836413058706000;0,-0.000255532897717000,-0.0191188094960310,0.340730496396017,2.05473702281759,0.203408398381888,-0.0126464597097860,0.00568397082512700,0.00522687979799600;0.0126241066654390,-0.00250096460770400,-0.0191188094960310,-0.423462813560605,-0.832732110664852,-0.169835402556852,0.0116405922262330,-0.00476549686061400,-0.00472118321404600;-0.00847840374905900,0.110746641043542,-0.148491072315152,1.57678033952132,-2.51499671365274,-0.404091085909845,0.00523533787356600,-0.0109299004703200,-0.00315427593913500;1.00000000000000e-13,0.00601101226511600,-0.0172772048991150,0.403814816429035,2.27589418098688,-0.0155675850165060,-0.00677462665353000,-0.000294135938692000,0.00517282100428100;0.0131464348484450,-0.00457917242301700,0.748357343187755,-0.437498262231130,-2.20949280195776,0.290358245946913,0.00635423510780200,0.00766957473623700,-0.00541060777345100;0.00621940396874300,0.102997880154201,-0.138459863375094,1.04405749153127,1.72764829639395,-0.685068584381291,-0.00819930697414000,-0.0182191232757420,-0.000836413058706000;0,-0.000255532897717000,-0.0191188094960310,0.340730496396017,2.05473702281759,0.203408398381888,-0.0126464597097860,0.00568397082512700,0.00522687979799600;0.0126241066654390,-0.00250096460770400,0.640069841185349,-0.423462813560605,-0.832732110664852,-0.169835402556852,0.0116405922262330,-0.00476549686061400,-0.00472118321404600;-0.00847840374905900,-0.145615572665585,0.205094236705720,1.18318922592379,-2.68338331791973,-0.413184818019773,0.00539136810558600,-0.0111765640560650,0.00117250098591200;1.00000000000000e-14,-0.0388116821631670,0.0220519318292740,-0.207189319292927,2.82087658322209,-0.0362590597167070,-0.0109051942184090,-0.000773765582843000,0.00467478399161700;4.26330000000000e-14,-0.0608122252125530,0.341406488484386,0.573284515345446,-1.01736870738034,0.277285293583299,0.00447581180441300,0.00735323678326100,-0.00403905367705000];
d=[-2.08381292186414;1.21348341979180;-3.16581367492343;-1.01170314192450;0.348090066544160;-1.15037980979967;-2.08381292186414;1.21348341979180;-3.45440239144251;-0.787245684480467;-0.0942293993365130;-1.15037980979967;-2.08381292186414;1.21348341979180;-2.42095953986593;-0.937836455275374;0.569242387905433;-1.15037980979967;-2.08381292186414;1.21348341979180;-1.79167659167796;0.561653746220372;-1.50788709249775;-1.15037980979967];
xm=Hj\d;

end

